rule=
1

n=
10

m=
24

c=
   -92   -11    -1   -56   -12   -41   -21   -67   -15   -57   -40   -69   -80   -33     0     0     0     0     0     0     0     0	0     0

A=
    61    46    65    83    95    71     9    96    93    10    92    96    74    71    -1     0     0     0     0     0     0     0     0     0
    23    11    17    85    74     9    91    13    81    19    86    36    12    78     0    -1     0     0     0     0     0     0     0     0
    72    76    13    34    94    24    37    17    34    58    74    60    96    85     0     0    -1     0     0     0     0     0     0     0
    44    92    98    82    96    91    54    76    41    91    63     3    37    81     0     0     0    -1     0     0     0     0     0     0
    13    70    70    11    37    79    67   100    79    44    95    29    34    52     0     0     0     0    -1     0     0     0     0     0
    28    47    42    10    95     5    41    65    46    50   100    88    21    52     0     0     0     0     0    -1     0     0     0     0
    58    25    97    50    50    70    48    30     2    51    61    65    29    45     0     0     0     0     0     0    -1     0     0     0
    93    71    44    17    14    41    32    87    55    81    90    12     8     8     0     0     0     0     0     0     0    -1     0     0
    80    61    17    22    97     6     2    26    45    88    78    35    68    22     0     0     0     0     0     0     0     0    -1     0
    68     4    93    99    97    11    47    34     1    75    22    32    13     5     0     0     0     0     0     0     0     0     0    -1

b=
   961   634   773   948   779   689   680   652   646   600
