rule=
1

n=
10

m=
20

c=
    61    81    56    75     7   -78    69   -54    70    73   -26    79    -7     5     0     0     0     0     0     0

A=
    -1    96   -90   -15    64    60    43     9    99    48   -87   -52   -10    38     0     0     0     0     0     0
   -60    56     9    65    80   -91    92     7   -97    42    44    75   -26   -35     0     0     0     0     0     0
    68   -71   -79    99    15   -79   -98    41    13   -94   -41    86    64    86     0     0     0     0     0     0
   100   -86   -23    94    63    14    10    68   -71    68    82   -95   -13    28     0     0     0     0     0     0
    95   -13    21   -65    98   -66   -18   -20   -27   -36   -29    48   -54    85     1     0     0     0     0     0
    21    70    87    -5   -38   -67    -1   -88    14    45    96   -82    67    -3     0    -1     0     0     0     0
     2    95    -3    56    54   -46    78   -90    44   -85   100    72   -29    45     0     0     1     0     0     0
    68    39    38    12    49    21    26    42    89    34     0    14    31    51     0     0     0     1     0     0
    98    31    12    25    38    95    68    49    47    85     5     1    86    57     0     0     0     0     1     0
    26    15    83    81     5    77    50    76    65     3    11    13    53    60     0     0     0     0     0     1

b=
   202   161    10   239    20   115   294    54    28    62
