rule=
1

n=
10

m=
20

c=
   -99     0   -78   -90    37    -3    80    30    80    44    67    66    67    92     0     0     0     0     0     0

A=
    27    97   -59     2    59    -9   -77    99    85    85    23    79    86     7     0     0     0     0     0     0
    -1     5   -29    34   -48    21    31    66    74    84   -50    41   -57   -35     0     0     0     0     0     0
   -32    73    50    35    87    98    56    25    37    29   -52    65   -39  -100     0     0     0     0     0     0
   -24    22   -83   -14    99    82    81   -75    97   -64   -69   -48   -62    83     0     0     0     0     0     0
    82    97    91    96    61    96    61    73    87    55    79    71    54    65     1     0     0     0     0     0
   -81    -5    93    80    79    98   -36   -74   -95    55    79   -69    74    39     0     1     0     0     0     0
   -49   -13    84    93    59    10    42    10    10    59    13   -98    80     4     0     0    -1     0     0     0
    42    30    92   -57    96   -71   -41    61    -2   -50    47   -45     4   -97     0     0     0     1     0     0
    40   -96    41    93   -40    20    28   -89   -55    67   -81   -20    49    81     0     0     0     0     1     0
   -51    93    27    47    62    22    69    16    43    45   -12    69     9    80     0     0     0     0     0     1

b=
         504         136         332          25        1069         238         303          10          39         520
