rule=
2

n=
10

m=
24

c=
   -64   -32    -7   -29     0   -77   -11   -29   -30   -87   -39   -60   -63    -8     0     0     0     0     0     0     0     0	0     0

A=
    99    68    23    62    79    31    58    82    76    57    73    77    82    96    -1     0     0     0     0     0     0     0     0     0
    74    93     5    93    46    74    98    20     3    41    68   100    35    79     0    -1     0     0     0     0     0     0     0     0
    88    37    39    78    99    70   100    77    76    67    63    78    85    41     0     0    -1     0     0     0     0     0     0     0
    64     6    27    48     1    49    57    96    84    59    91    67    46    47     0     0     0    -1     0     0     0     0     0     0
    37    72    42    57    65    48    59    48    50    66    12    53    38    79     0     0     0     0    -1     0     0     0     0     0
    59    20    27    46    56    72    23    18    71    81    80    25    86    83     0     0     0     0     0    -1     0     0     0     0
    62    31    53    24     1    73    78    89    45    96    20     9    79    96     0     0     0     0     0     0    -1     0     0     0
    18    14     5    62    51    99    33     0    81    29    62    20    79    69     0     0     0     0     0     0     0    -1     0     0
    97     0    33    56    18    28    20    55    32    90    32    11     0    81     0     0     0     0     0     0     0     0    -1     0
    35    14    29    17    78    95    43    72    99    33    46    84    48    94     0     0     0     0     0     0     0     0     0    -1

b=
   962   828   997   741   725   746   755   621   552   786
