rule=
2

n=
10

m=
20

c=
    21    47   -73   -38   100   -75   -65    51    33    57   -81   -89    93    23     0     0     0     0     0     0

A=
   -83    17    24    84   -47    -5   -26    95    -1    64    72    51    27     4     0     0     0     0     0     0
    12    -5    24    42    30    60    71   -17     2   -65   -41   -87    74    45     0     0     0     0     0     0
   -23    -4    40   -79    69    82   -36    34   -30    54    69    58    17   -73     0     0     0     0     0     0
    93    65    75    18   -22    75    51    94   -31    41    37    35    32    54     0     0     0     0     0     0
    98    81    87    56    81    53    80    71    71    94    88    50    87    95     1     0     0     0     0     0
    26    87   -97    32   -70   -55    36    39     7    71    71   -53    84   -11     0    -1     0     0     0     0
    10   -35    12   -65    88    88    26   -65    76    21    47   -64   -36   -59     0     0    -1     0     0     0
    60   -29    75    39    17   -19    45   -11   -97   -61    24   -22    84    96     0     0     0     1     0     0
    14    66     2   -39   -34    59    36    44   -10    62     1    18   -58   -19     0     0     0     0    -1     0
   -61   -59   -14   -60    44   -45    16    76   -77    59    32    71    68    90     0     0     0     0     0    -1

b=
         276         145         178         617        1093         166          43         202         141         139
